source:configs/../inputs/nukeCam_unit-1_onlyZoom.asci fps:25.0 fx:0.9722222222222222 fy:1.4583333333333333 cx:0.5 cy:0.5 width:1920 height:1080 unit_scale:1
0.000000000000 0.972222222222 1.458333333333 0.500000000000 0.500000000000 1920.000000000000 1080.000000000000 0.999961923064 -0.000000000000 0.008726535498 -0.004363267749 -0.000000000000 1.000000000000 -0.000000000000 -0.000000000000 -0.008726535498 -0.000000000000 0.999961923064 -0.499980961532
40000.000000000000 0.972222222222 1.458333333333 0.500000000000 0.500000000000 1920.000000000000 1080.000000000000 0.999961923064 -0.000000000000 0.008726535498 -0.004254186054 -0.000000000000 1.000000000000 -0.000000000000 -0.000000000000 -0.008726535498 -0.000000000000 0.999961923064 -0.487481437294
80000.000000000000 0.972222222222 1.458333333333 0.500000000000 0.500000000000 1920.000000000000 1080.000000000000 0.999961923064 -0.000000000000 0.008726535498 -0.004145104359 -0.000000000000 1.000000000000 -0.000000000000 -0.000000000000 -0.008726535498 -0.000000000000 0.999961923064 -0.474981913155
120000.000000000000 0.972222222222 1.458333333333 0.500000000000 0.500000000000 1920.000000000000 1080.000000000000 0.999961923064 -0.000000000000 0.008726535498 -0.004036022664 -0.000000000000 1.000000000000 -0.000000000000 -0.000000000000 -0.008726535498 -0.000000000000 0.999961923064 -0.462482388917
160000.000000000000 0.972222222222 1.458333333333 0.500000000000 0.500000000000 1920.000000000000 1080.000000000000 0.999961923064 -0.000000000000 0.008726535498 -0.003926940969 -0.000000000000 1.000000000000 -0.000000000000 -0.000000000000 -0.008726535498 -0.000000000000 0.999961923064 -0.449982864779
200000.000000000000 0.972222222222 1.458333333333 0.500000000000 0.500000000000 1920.000000000000 1080.000000000000 0.999961923064 -0.000000000000 0.008726535498 -0.003817859274 -0.000000000000 1.000000000000 -0.000000000000 -0.000000000000 -0.008726535498 -0.000000000000 0.999961923064 -0.437483340541
240000.000000000000 0.972222222222 1.458333333333 0.500000000000 0.500000000000 1920.000000000000 1080.000000000000 0.999961923064 -0.000000000000 0.008726535498 -0.003708777579 -0.000000000000 1.000000000000 -0.000000000000 -0.000000000000 -0.008726535498 -0.000000000000 0.999961923064 -0.424983816402
280000.000000000000 0.972222222222 1.458333333333 0.500000000000 0.500000000000 1920.000000000000 1080.000000000000 0.999961923064 -0.000000000000 0.008726535498 -0.003599695884 -0.000000000000 1.000000000000 -0.000000000000 -0.000000000000 -0.008726535498 -0.000000000000 0.999961923064 -0.412484292264
320000.000000000000 0.972222222222 1.458333333333 0.500000000000 0.500000000000 1920.000000000000 1080.000000000000 0.999961923064 -0.000000000000 0.008726535498 -0.003490614190 -0.000000000000 1.000000000000 -0.000000000000 -0.000000000000 -0.008726535498 -0.000000000000 0.999961923064 -0.399984768126
360000.000000000000 0.972222222222 1.458333333333 0.500000000000 0.500000000000 1920.000000000000 1080.000000000000 0.999961923064 -0.000000000000 0.008726535498 -0.003381532495 -0.000000000000 1.000000000000 -0.000000000000 -0.000000000000 -0.008726535498 -0.000000000000 0.999961923064 -0.387485243987
400000.000000000000 0.972222222222 1.458333333333 0.500000000000 0.500000000000 1920.000000000000 1080.000000000000 0.999961923064 -0.000000000000 0.008726535498 -0.003272450801 -0.000000000000 1.000000000000 -0.000000000000 -0.000000000000 -0.008726535498 -0.000000000000 0.999961923064 -0.374985719949
440000.000000000000 0.972222222222 1.458333333333 0.500000000000 0.500000000000 1920.000000000000 1080.000000000000 0.999961923064 -0.000000000000 0.008726535498 -0.003163369107 -0.000000000000 1.000000000000 -0.000000000000 -0.000000000000 -0.008726535498 -0.000000000000 0.999961923064 -0.362486195811
480000.000000000000 0.972222222222 1.458333333333 0.500000000000 0.500000000000 1920.000000000000 1080.000000000000 0.999961923064 -0.000000000000 0.008726535498 -0.003054287413 -0.000000000000 1.000000000000 -0.000000000000 -0.000000000000 -0.008726535498 -0.000000000000 0.999961923064 -0.349986671773
520000.000000000000 0.972222222222 1.458333333333 0.500000000000 0.500000000000 1920.000000000000 1080.000000000000 0.999961923064 -0.000000000000 0.008726535498 -0.002945205718 -0.000000000000 1.000000000000 -0.000000000000 -0.000000000000 -0.008726535498 -0.000000000000 0.999961923064 -0.337487147634
560000.000000000000 0.972222222222 1.458333333333 0.500000000000 0.500000000000 1920.000000000000 1080.000000000000 0.999961923064 -0.000000000000 0.008726535498 -0.002836124025 -0.000000000000 1.000000000000 -0.000000000000 -0.000000000000 -0.008726535498 -0.000000000000 0.999961923064 -0.324987623596
600000.000000000000 0.972222222222 1.458333333333 0.500000000000 0.500000000000 1920.000000000000 1080.000000000000 0.999961923064 -0.000000000000 0.008726535498 -0.002727042331 -0.000000000000 1.000000000000 -0.000000000000 -0.000000000000 -0.008726535498 -0.000000000000 0.999961923064 -0.312488099558
640000.000000000000 0.972222222222 1.458333333333 0.500000000000 0.500000000000 1920.000000000000 1080.000000000000 0.999961923064 -0.000000000000 0.008726535498 -0.002617960637 -0.000000000000 1.000000000000 -0.000000000000 -0.000000000000 -0.008726535498 -0.000000000000 0.999961923064 -0.299988575519
680000.000000000000 0.972222222222 1.458333333333 0.500000000000 0.500000000000 1920.000000000000 1080.000000000000 0.999961923064 -0.000000000000 0.008726535498 -0.002508878944 -0.000000000000 1.000000000000 -0.000000000000 -0.000000000000 -0.008726535498 -0.000000000000 0.999961923064 -0.287489051481
720000.000000000000 0.972222222222 1.458333333333 0.500000000000 0.500000000000 1920.000000000000 1080.000000000000 0.999961923064 -0.000000000000 0.008726535498 -0.002399797250 -0.000000000000 1.000000000000 -0.000000000000 -0.000000000000 -0.008726535498 -0.000000000000 0.999961923064 -0.274989527443
760000.000000000000 0.972222222222 1.458333333333 0.500000000000 0.500000000000 1920.000000000000 1080.000000000000 0.999961923064 -0.000000000000 0.008726535498 -0.002290715556 -0.000000000000 1.000000000000 -0.000000000000 -0.000000000000 -0.008726535498 -0.000000000000 0.999961923064 -0.262490003404
800000.000000000000 0.972222222222 1.458333333333 0.500000000000 0.500000000000 1920.000000000000 1080.000000000000 0.999961923064 -0.000000000000 0.008726535498 -0.002181633862 -0.000000000000 1.000000000000 -0.000000000000 -0.000000000000 -0.008726535498 -0.000000000000 0.999961923064 -0.249990479366
840000.000000000000 0.972222222222 1.458333333333 0.500000000000 0.500000000000 1920.000000000000 1080.000000000000 0.999961923064 -0.000000000000 0.008726535498 -0.002072552169 -0.000000000000 1.000000000000 -0.000000000000 -0.000000000000 -0.008726535498 -0.000000000000 0.999961923064 -0.237490955328
880000.000000000000 0.972222222222 1.458333333333 0.500000000000 0.500000000000 1920.000000000000 1080.000000000000 0.999961923064 -0.000000000000 0.008726535498 -0.001963470476 -0.000000000000 1.000000000000 -0.000000000000 -0.000000000000 -0.008726535498 -0.000000000000 0.999961923064 -0.224991431389
920000.000000000000 0.972222222222 1.458333333333 0.500000000000 0.500000000000 1920.000000000000 1080.000000000000 0.999961923064 -0.000000000000 0.008726535498 -0.001854388782 -0.000000000000 1.000000000000 -0.000000000000 -0.000000000000 -0.008726535498 -0.000000000000 0.999961923064 -0.212491907351
960000.000000000000 0.972222222222 1.458333333333 0.500000000000 0.500000000000 1920.000000000000 1080.000000000000 0.999961923064 -0.000000000000 0.008726535498 -0.001745307088 -0.000000000000 1.000000000000 -0.000000000000 -0.000000000000 -0.008726535498 -0.000000000000 0.999961923064 -0.199992383313
1000000.000000000000 0.972222222222 1.458333333333 0.500000000000 0.500000000000 1920.000000000000 1080.000000000000 0.999961923064 -0.000000000000 0.008726535498 -0.001636225395 -0.000000000000 1.000000000000 -0.000000000000 -0.000000000000 -0.008726535498 -0.000000000000 0.999961923064 -0.187492859375
1040000.000000000000 0.972222222222 1.458333333333 0.500000000000 0.500000000000 1920.000000000000 1080.000000000000 0.999961923064 -0.000000000000 0.008726535498 -0.001527143703 -0.000000000000 1.000000000000 -0.000000000000 -0.000000000000 -0.008726535498 -0.000000000000 0.999961923064 -0.174993335436
1080000.000000000000 0.972222222222 1.458333333333 0.500000000000 0.500000000000 1920.000000000000 1080.000000000000 0.999961923064 -0.000000000000 0.008726535498 -0.001418062009 -0.000000000000 1.000000000000 -0.000000000000 -0.000000000000 -0.008726535498 -0.000000000000 0.999961923064 -0.162493811398
1120000.000000000000 0.972222222222 1.458333333333 0.500000000000 0.500000000000 1920.000000000000 1080.000000000000 0.999961923064 -0.000000000000 0.008726535498 -0.001308980316 -0.000000000000 1.000000000000 -0.000000000000 -0.000000000000 -0.008726535498 -0.000000000000 0.999961923064 -0.149994287460
1160000.000000000000 0.972222222222 1.458333333333 0.500000000000 0.500000000000 1920.000000000000 1080.000000000000 0.999961923064 -0.000000000000 0.008726535498 -0.001199898623 -0.000000000000 1.000000000000 -0.000000000000 -0.000000000000 -0.008726535498 -0.000000000000 0.999961923064 -0.137494763521
1200000.000000000000 0.972222222222 1.458333333333 0.500000000000 0.500000000000 1920.000000000000 1080.000000000000 0.999961923064 -0.000000000000 0.008726535498 -0.001090816929 -0.000000000000 1.000000000000 -0.000000000000 -0.000000000000 -0.008726535498 -0.000000000000 0.999961923064 -0.124995239483
1240000.000000000000 0.972222222222 1.458333333333 0.500000000000 0.500000000000 1920.000000000000 1080.000000000000 0.999961923064 -0.000000000000 0.008726535498 -0.000981735237 -0.000000000000 1.000000000000 -0.000000000000 -0.000000000000 -0.008726535498 -0.000000000000 0.999961923064 -0.112495715545
1280000.000000000000 0.972222222222 1.458333333333 0.500000000000 0.500000000000 1920.000000000000 1080.000000000000 0.999961923064 -0.000000000000 0.008726535498 -0.000872653544 -0.000000000000 1.000000000000 -0.000000000000 -0.000000000000 -0.008726535498 -0.000000000000 0.999961923064 -0.099996191606
1320000.000000000000 0.972222222222 1.458333333333 0.500000000000 0.500000000000 1920.000000000000 1080.000000000000 0.999961923064 -0.000000000000 0.008726535498 -0.000763571851 -0.000000000000 1.000000000000 -0.000000000000 -0.000000000000 -0.008726535498 -0.000000000000 0.999961923064 -0.087496667668
1360000.000000000000 0.972222222222 1.458333333333 0.500000000000 0.500000000000 1920.000000000000 1080.000000000000 0.999961923064 -0.000000000000 0.008726535498 -0.000654490157 -0.000000000000 1.000000000000 -0.000000000000 -0.000000000000 -0.008726535498 -0.000000000000 0.999961923064 -0.074997143630
1400000.000000000000 0.972222222222 1.458333333333 0.500000000000 0.500000000000 1920.000000000000 1080.000000000000 0.999961923064 -0.000000000000 0.008726535498 -0.000545408464 -0.000000000000 1.000000000000 -0.000000000000 -0.000000000000 -0.008726535498 -0.000000000000 0.999961923064 -0.062497619692
1440000.000000000000 0.972222222222 1.458333333333 0.500000000000 0.500000000000 1920.000000000000 1080.000000000000 0.999961923064 -0.000000000000 0.008726535498 -0.000436326771 -0.000000000000 1.000000000000 -0.000000000000 -0.000000000000 -0.008726535498 -0.000000000000 0.999961923064 -0.049998095753
1480000.000000000000 0.972222222222 1.458333333333 0.500000000000 0.500000000000 1920.000000000000 1080.000000000000 0.999961923064 -0.000000000000 0.008726535498 -0.000327245079 -0.000000000000 1.000000000000 -0.000000000000 -0.000000000000 -0.008726535498 -0.000000000000 0.999961923064 -0.037498571815
1520000.000000000000 0.972222222222 1.458333333333 0.500000000000 0.500000000000 1920.000000000000 1080.000000000000 0.999961923064 -0.000000000000 0.008726535498 -0.000218163386 -0.000000000000 1.000000000000 -0.000000000000 -0.000000000000 -0.008726535498 -0.000000000000 0.999961923064 -0.024999047877
1560000.000000000000 0.972222222222 1.458333333333 0.500000000000 0.500000000000 1920.000000000000 1080.000000000000 0.999961923064 -0.000000000000 0.008726535498 -0.000109081693 -0.000000000000 1.000000000000 -0.000000000000 -0.000000000000 -0.008726535498 -0.000000000000 0.999961923064 -0.012499523938
1600000.000000000000 0.972222222222 1.458333333333 0.500000000000 0.500000000000 1920.000000000000 1080.000000000000 0.999961923064 -0.000000000000 0.008726535498 -0.000000000000 -0.000000000000 1.000000000000 -0.000000000000 -0.000000000000 -0.008726535498 -0.000000000000 0.999961923064 -0.000000000000
1640000.000000000000 0.972222222222 1.458333333333 0.500000000000 0.500000000000 1920.000000000000 1080.000000000000 0.999961923064 -0.000000000000 0.008726535498 0.000109081693 -0.000000000000 1.000000000000 -0.000000000000 -0.000000000000 -0.008726535498 -0.000000000000 0.999961923064 0.012499523938
1680000.000000000000 0.972222222222 1.458333333333 0.500000000000 0.500000000000 1920.000000000000 1080.000000000000 0.999961923064 -0.000000000000 0.008726535498 0.000218163386 -0.000000000000 1.000000000000 -0.000000000000 -0.000000000000 -0.008726535498 -0.000000000000 0.999961923064 0.024999047877
1720000.000000000000 0.972222222222 1.458333333333 0.500000000000 0.500000000000 1920.000000000000 1080.000000000000 0.999961923064 -0.000000000000 0.008726535498 0.000327245079 -0.000000000000 1.000000000000 -0.000000000000 -0.000000000000 -0.008726535498 -0.000000000000 0.999961923064 0.037498571815
1760000.000000000000 0.972222222222 1.458333333333 0.500000000000 0.500000000000 1920.000000000000 1080.000000000000 0.999961923064 -0.000000000000 0.008726535498 0.000436326771 -0.000000000000 1.000000000000 -0.000000000000 -0.000000000000 -0.008726535498 -0.000000000000 0.999961923064 0.049998095753
1800000.000000000000 0.972222222222 1.458333333333 0.500000000000 0.500000000000 1920.000000000000 1080.000000000000 0.999961923064 -0.000000000000 0.008726535498 0.000545408464 -0.000000000000 1.000000000000 -0.000000000000 -0.000000000000 -0.008726535498 -0.000000000000 0.999961923064 0.062497619692
1840000.000000000000 0.972222222222 1.458333333333 0.500000000000 0.500000000000 1920.000000000000 1080.000000000000 0.999961923064 -0.000000000000 0.008726535498 0.000654490157 -0.000000000000 1.000000000000 -0.000000000000 -0.000000000000 -0.008726535498 -0.000000000000 0.999961923064 0.074997143630
1880000.000000000000 0.972222222222 1.458333333333 0.500000000000 0.500000000000 1920.000000000000 1080.000000000000 0.999961923064 -0.000000000000 0.008726535498 0.000763571851 -0.000000000000 1.000000000000 -0.000000000000 -0.000000000000 -0.008726535498 -0.000000000000 0.999961923064 0.087496667668
1920000.000000000000 0.972222222222 1.458333333333 0.500000000000 0.500000000000 1920.000000000000 1080.000000000000 0.999961923064 -0.000000000000 0.008726535498 0.000872653544 -0.000000000000 1.000000000000 -0.000000000000 -0.000000000000 -0.008726535498 -0.000000000000 0.999961923064 0.099996191606
1960000.000000000000 0.972222222222 1.458333333333 0.500000000000 0.500000000000 1920.000000000000 1080.000000000000 0.999961923064 -0.000000000000 0.008726535498 0.000981735237 -0.000000000000 1.000000000000 -0.000000000000 -0.000000000000 -0.008726535498 -0.000000000000 0.999961923064 0.112495715545
2000000.000000000000 0.972222222222 1.458333333333 0.500000000000 0.500000000000 1920.000000000000 1080.000000000000 0.999961923064 -0.000000000000 0.008726535498 0.001090816929 -0.000000000000 1.000000000000 -0.000000000000 -0.000000000000 -0.008726535498 -0.000000000000 0.999961923064 0.124995239483
2040000.000000000000 0.972222222222 1.458333333333 0.500000000000 0.500000000000 1920.000000000000 1080.000000000000 0.999961923064 -0.000000000000 0.008726535498 0.001199898623 -0.000000000000 1.000000000000 -0.000000000000 -0.000000000000 -0.008726535498 -0.000000000000 0.999961923064 0.137494763521
2080000.000000000000 0.972222222222 1.458333333333 0.500000000000 0.500000000000 1920.000000000000 1080.000000000000 0.999961923064 -0.000000000000 0.008726535498 0.001308980316 -0.000000000000 1.000000000000 -0.000000000000 -0.000000000000 -0.008726535498 -0.000000000000 0.999961923064 0.149994287460
2120000.000000000000 0.972222222222 1.458333333333 0.500000000000 0.500000000000 1920.000000000000 1080.000000000000 0.999961923064 -0.000000000000 0.008726535498 0.001418062009 -0.000000000000 1.000000000000 -0.000000000000 -0.000000000000 -0.008726535498 -0.000000000000 0.999961923064 0.162493811398
2160000.000000000000 0.972222222222 1.458333333333 0.500000000000 0.500000000000 1920.000000000000 1080.000000000000 0.999961923064 -0.000000000000 0.008726535498 0.001527143703 -0.000000000000 1.000000000000 -0.000000000000 -0.000000000000 -0.008726535498 -0.000000000000 0.999961923064 0.174993335436
2200000.000000000000 0.972222222222 1.458333333333 0.500000000000 0.500000000000 1920.000000000000 1080.000000000000 0.999961923064 -0.000000000000 0.008726535498 0.001636225395 -0.000000000000 1.000000000000 -0.000000000000 -0.000000000000 -0.008726535498 -0.000000000000 0.999961923064 0.187492859375
2240000.000000000000 0.972222222222 1.458333333333 0.500000000000 0.500000000000 1920.000000000000 1080.000000000000 0.999961923064 -0.000000000000 0.008726535498 0.001745307088 -0.000000000000 1.000000000000 -0.000000000000 -0.000000000000 -0.008726535498 -0.000000000000 0.999961923064 0.199992383313
2280000.000000000000 0.972222222222 1.458333333333 0.500000000000 0.500000000000 1920.000000000000 1080.000000000000 0.999961923064 -0.000000000000 0.008726535498 0.001854388782 -0.000000000000 1.000000000000 -0.000000000000 -0.000000000000 -0.008726535498 -0.000000000000 0.999961923064 0.212491907351
2320000.000000000000 0.972222222222 1.458333333333 0.500000000000 0.500000000000 1920.000000000000 1080.000000000000 0.999961923064 -0.000000000000 0.008726535498 0.001963470476 -0.000000000000 1.000000000000 -0.000000000000 -0.000000000000 -0.008726535498 -0.000000000000 0.999961923064 0.224991431389
2360000.000000000000 0.972222222222 1.458333333333 0.500000000000 0.500000000000 1920.000000000000 1080.000000000000 0.999961923064 -0.000000000000 0.008726535498 0.002072552169 -0.000000000000 1.000000000000 -0.000000000000 -0.000000000000 -0.008726535498 -0.000000000000 0.999961923064 0.237490955328
2400000.000000000000 0.972222222222 1.458333333333 0.500000000000 0.500000000000 1920.000000000000 1080.000000000000 0.999961923064 -0.000000000000 0.008726535498 0.002181633862 -0.000000000000 1.000000000000 -0.000000000000 -0.000000000000 -0.008726535498 -0.000000000000 0.999961923064 0.249990479366
2440000.000000000000 0.972222222222 1.458333333333 0.500000000000 0.500000000000 1920.000000000000 1080.000000000000 0.999961923064 -0.000000000000 0.008726535498 0.002290715556 -0.000000000000 1.000000000000 -0.000000000000 -0.000000000000 -0.008726535498 -0.000000000000 0.999961923064 0.262490003404
2480000.000000000000 0.972222222222 1.458333333333 0.500000000000 0.500000000000 1920.000000000000 1080.000000000000 0.999961923064 -0.000000000000 0.008726535498 0.002399797250 -0.000000000000 1.000000000000 -0.000000000000 -0.000000000000 -0.008726535498 -0.000000000000 0.999961923064 0.274989527443
2520000.000000000000 0.972222222222 1.458333333333 0.500000000000 0.500000000000 1920.000000000000 1080.000000000000 0.999961923064 -0.000000000000 0.008726535498 0.002508878944 -0.000000000000 1.000000000000 -0.000000000000 -0.000000000000 -0.008726535498 -0.000000000000 0.999961923064 0.287489051481
2560000.000000000000 0.972222222222 1.458333333333 0.500000000000 0.500000000000 1920.000000000000 1080.000000000000 0.999961923064 -0.000000000000 0.008726535498 0.002617960637 -0.000000000000 1.000000000000 -0.000000000000 -0.000000000000 -0.008726535498 -0.000000000000 0.999961923064 0.299988575519
2600000.000000000000 0.972222222222 1.458333333333 0.500000000000 0.500000000000 1920.000000000000 1080.000000000000 0.999961923064 -0.000000000000 0.008726535498 0.002727042331 -0.000000000000 1.000000000000 -0.000000000000 -0.000000000000 -0.008726535498 -0.000000000000 0.999961923064 0.312488099558
2640000.000000000000 0.972222222222 1.458333333333 0.500000000000 0.500000000000 1920.000000000000 1080.000000000000 0.999961923064 -0.000000000000 0.008726535498 0.002836124025 -0.000000000000 1.000000000000 -0.000000000000 -0.000000000000 -0.008726535498 -0.000000000000 0.999961923064 0.324987623596
2680000.000000000000 0.972222222222 1.458333333333 0.500000000000 0.500000000000 1920.000000000000 1080.000000000000 0.999961923064 -0.000000000000 0.008726535498 0.002945205718 -0.000000000000 1.000000000000 -0.000000000000 -0.000000000000 -0.008726535498 -0.000000000000 0.999961923064 0.337487147634
2720000.000000000000 0.972222222222 1.458333333333 0.500000000000 0.500000000000 1920.000000000000 1080.000000000000 0.999961923064 -0.000000000000 0.008726535498 0.003054287413 -0.000000000000 1.000000000000 -0.000000000000 -0.000000000000 -0.008726535498 -0.000000000000 0.999961923064 0.349986671773
2760000.000000000000 0.972222222222 1.458333333333 0.500000000000 0.500000000000 1920.000000000000 1080.000000000000 0.999961923064 -0.000000000000 0.008726535498 0.003163369107 -0.000000000000 1.000000000000 -0.000000000000 -0.000000000000 -0.008726535498 -0.000000000000 0.999961923064 0.362486195811
2800000.000000000000 0.972222222222 1.458333333333 0.500000000000 0.500000000000 1920.000000000000 1080.000000000000 0.999961923064 -0.000000000000 0.008726535498 0.003272450801 -0.000000000000 1.000000000000 -0.000000000000 -0.000000000000 -0.008726535498 -0.000000000000 0.999961923064 0.374985719949
2840000.000000000000 0.972222222222 1.458333333333 0.500000000000 0.500000000000 1920.000000000000 1080.000000000000 0.999961923064 -0.000000000000 0.008726535498 0.003381532495 -0.000000000000 1.000000000000 -0.000000000000 -0.000000000000 -0.008726535498 -0.000000000000 0.999961923064 0.387485243987
2880000.000000000000 0.972222222222 1.458333333333 0.500000000000 0.500000000000 1920.000000000000 1080.000000000000 0.999961923064 -0.000000000000 0.008726535498 0.003490614190 -0.000000000000 1.000000000000 -0.000000000000 -0.000000000000 -0.008726535498 -0.000000000000 0.999961923064 0.399984768126
2920000.000000000000 0.972222222222 1.458333333333 0.500000000000 0.500000000000 1920.000000000000 1080.000000000000 0.999961923064 -0.000000000000 0.008726535498 0.003599695884 -0.000000000000 1.000000000000 -0.000000000000 -0.000000000000 -0.008726535498 -0.000000000000 0.999961923064 0.412484292264
2960000.000000000000 0.972222222222 1.458333333333 0.500000000000 0.500000000000 1920.000000000000 1080.000000000000 0.999961923064 -0.000000000000 0.008726535498 0.003708777579 -0.000000000000 1.000000000000 -0.000000000000 -0.000000000000 -0.008726535498 -0.000000000000 0.999961923064 0.424983816402
3000000.000000000000 0.972222222222 1.458333333333 0.500000000000 0.500000000000 1920.000000000000 1080.000000000000 0.999961923064 -0.000000000000 0.008726535498 0.003817859274 -0.000000000000 1.000000000000 -0.000000000000 -0.000000000000 -0.008726535498 -0.000000000000 0.999961923064 0.437483340541
3040000.000000000000 0.972222222222 1.458333333333 0.500000000000 0.500000000000 1920.000000000000 1080.000000000000 0.999961923064 -0.000000000000 0.008726535498 0.003926940969 -0.000000000000 1.000000000000 -0.000000000000 -0.000000000000 -0.008726535498 -0.000000000000 0.999961923064 0.449982864779
3080000.000000000000 0.972222222222 1.458333333333 0.500000000000 0.500000000000 1920.000000000000 1080.000000000000 0.999961923064 -0.000000000000 0.008726535498 0.004036022664 -0.000000000000 1.000000000000 -0.000000000000 -0.000000000000 -0.008726535498 -0.000000000000 0.999961923064 0.462482388917
3120000.000000000000 0.972222222222 1.458333333333 0.500000000000 0.500000000000 1920.000000000000 1080.000000000000 0.999961923064 -0.000000000000 0.008726535498 0.004145104359 -0.000000000000 1.000000000000 -0.000000000000 -0.000000000000 -0.008726535498 -0.000000000000 0.999961923064 0.474981913155
3160000.000000000000 0.972222222222 1.458333333333 0.500000000000 0.500000000000 1920.000000000000 1080.000000000000 0.999961923064 -0.000000000000 0.008726535498 0.004254186054 -0.000000000000 1.000000000000 -0.000000000000 -0.000000000000 -0.008726535498 -0.000000000000 0.999961923064 0.487481437294
